1130,110,2260,64,4096
1110,160,2220,64,2048
1790,80,3580,64,4096
870,240,1740,1024,2048
1040,160,2080,128,1024
1940,180,3880,128,2048
320,120,640,64,4096
1960,100,3920,1024,512
580,135,1160,128,1024
1420,370,2840,1024,4096
1280,160,2560,256,1024
1430,410,2860,128,2048
880,80,1760,1024,4096
1340,230,2680,512,4096
1670,50,3340,128,2048
280,75,560,512,512
390,50,780,1024,512
1960,130,3920,128,2048
1390,110,2780,128,2048
650,170,1300,256,4096
960,130,1920,1024,2048
460,110,920,512,2048
720,160,1440,128,2048
700,230,1400,512,1024
830,240,1660,1024,4096
510,150,1020,256,2048
860,270,1720,256,512
460,110,920,64,2048
1800,290,3600,32,2048
410,85,820,64,512
1880,80,3760,32,4096
950,250,1900,128,1024
330,120,660,32,512
850,60,1700,1024,512
1540,480,3080,256,1024
1640,240,3280,32,512
1200,245,2400,32,2048
1450,400,2900,64,512
1820,50,3640,128,1024
340,90,680,32,1024
780,185,1560,32,4096
330,85,660,512,1024
590,150,1180,128,4096
1510,150,3020,512,2048
1520,400,3040,128,4096
1790,150,3580,128,512
1270,220,2540,32,4096
370,112,740,32,4096
1870,440,3740,32,512
1650,230,3300,256,1024
750,190,1500,64,1024
1200,320,2400,1024,2048
1980,460,3960,1024,512
1500,460,3000,1024,2048
1720,320,3440,128,2048
1010,200,2020,64,2048
1070,220,2140,64,1024
1230,250,2460,256,512
720,230,1440,512,2048
1560,60,3120,128,1024
1130,290,2260,128,512
1380,370,2760,256,1024
790,130,1580,1024,1024
490,100,980,32,2048
1080,130,2160,512,4096
880,190,1760,256,2048
1630,230,3260,128,4096
1620,300,3240,1024,512
1420,70,2840,128,512
480,150,960,64,1024
280,85,560,256,4096
1230,160,2460,256,4096
770,160,1540,64,1024
1900,120,3800,512,1024
1970,480,3940,1024,512
750,240,1500,1024,2048
1650,420,3300,32,2048
1820,380,3640,64,512
1300,130,2600,32,1024
1800,210,3600,256,512
1910,130,3820,32,4096
1210,50,2420,128,1024
1530,190,3060,1024,4096
1260,370,2520,256,512
290,82,580,128,4096
1030,290,2060,64,2048
1380,250,2760,128,2048
1160,180,2320,1024,2048
900,280,1800,32,2048
1890,400,3780,128,512
1700,400,3400,1024,4096
1740,310,3480,32,512
900,195,1800,512,1024
1290,340,2580,1024,512
1780,100,3560,64,4096
1890,280,3780,32,512
1420,200,2840,512,2048
610,90,1220,1024,2048
1400,110,2800,256,2048
370,140,740,1024,4096
960,350,1920,64,512
1420,240,2840,512,4096
1890,360,3780,128,2048
1670,160,3340,128,2048
1100,50,2200,32,512
1580,290,3160,512,2048
980,170,1960,256,2048
1960,480,3920,512,4096
1980,460,3960,512,1024
1770,230,3540,32,512
930,60,1860,1024,512
1050,350,2100,128,2048
680,215,1360,512,4096
1630,490,3260,512,2048
1800,70,3600,512,1024
1850,250,3700,32,4096
1230,310,2460,128,2048
1300,360,2600,256,4096
510,190,1020,1024,512
1830,340,3660,1024,512
1040,380,2080,1024,4096
610,220,1220,256,4096
1830,310,3660,256,4096
1590,100,3180,1024,1024
1800,70,3600,32,512
750,250,1500,1024,4096
1430,180,2860,128,4096
1410,320,2820,32,1024
460,122,920,512,512
960,130,1920,32,1024
730,130,1460,32,4096
1510,200,3020,256,4096
740,235,1480,64,2048
1820,220,3640,64,2048
1700,170,3400,128,1024
930,110,1860,128,2048
1120,230,2240,128,4096
1470,220,2940,256,1024
1710,110,3420,64,1024
1320,250,2640,64,1024
1260,90,2520,32,1024
820,165,1640,64,2048
1050,50,2100,512,4096
1500,310,3000,64,4096
1800,410,3600,512,2048
1510,150,3020,512,1024
280,62,560,512,2048
1430,310,2860,512,512
1020,70,2040,64,512
1020,270,2040,64,512
450,170,900,256,512
1680,150,3360,64,2048
820,215,1640,512,512
680,245,1360,512,4096
850,215,1700,256,2048
910,280,1820,64,4096
1210,170,2420,512,1024
1230,390,2460,64,2048
940,150,1880,128,4096
950,245,1900,128,2048
1150,330,2300,256,1024
1400,320,2800,1024,4096
1920,120,3840,512,512
1520,90,3040,1024,1024
950,160,1900,64,4096
1710,440,3420,256,1024
480,115,960,32,1024
350,92,700,512,512
390,95,780,256,4096
530,150,1060,1024,512
820,310,1640,1024,1024
780,210,1560,1024,4096
270,57,540,128,1024
1200,250,2400,32,2048
410,90,820,256,2048
500,190,1000,64,2048
1360,280,2720,64,512
1760,70,3520,64,2048
1960,380,3920,32,512
1250,300,2500,512,4096
2000,290,4000,512,1024
1220,430,2440,256,4096
1150,440,2300,128,512
830,205,1660,512,2048
1000,190,2000,256,4096
1110,250,2220,1024,512
370,97,740,1024,512
1810,100,3620,128,512
360,100,720,256,2048
1010,170,2020,128,2048
1700,290,3400,256,512
940,245,1880,512,4096
1320,370,2640,512,2048
1690,190,3380,32,512
1800,180,3600,512,512
1880,440,3760,32,512
580,230,1160,128,4096
700,170,1400,512,512
1830,160,3660,512,512
1290,90,2580,128,512
1130,430,2260,512,512
1320,310,2640,1024,4096
1690,480,3380,64,2048
1180,70,2360,32,2048
600,155,1200,64,2048
1040,180,2080,128,2048
1000,215,2000,64,1024
1950,130,3900,1024,2048
1340,250,2680,32,512
1470,230,2940,256,512
1510,430,3020,32,512
860,180,1720,1024,4096
1150,140,2300,64,4096
1220,190,2440,256,512
520,110,1040,1024,1024
1230,350,2460,128,2048
1470,310,2940,32,1024
1000,120,2000,64,4096
1720,110,3440,128,2048
1530,260,3060,128,1024
880,230,1760,64,1024
1040,300,2080,1024,4096
930,60,1860,512,4096
1610,70,3220,1024,2048
1540,420,3080,128,1024
1000,250,2000,1024,4096
1470,220,2940,32,1024
1910,410,3820,256,2048
1630,210,3260,512,4096
1490,290,2980,64,1024
440,92,880,1024,1024
930,225,1860,512,4096
1280,200,2560,512,512
1050,340,2100,256,1024
330,122,660,512,2048
650,80,1300,64,512
1710,320,3420,64,2048
270,60,540,64,4096
1770,190,3540,256,2048
380,85,760,512,2048
1420,390,2840,64,4096
1130,250,2260,128,512
630,130,1260,1024,2048
1250,400,2500,256,512
460,140,920,1024,2048
1430,500,2860,64,4096
1300,410,2600,512,4096
340,120,680,512,1024
340,95,680,64,1024
510,135,1020,128,2048
280,105,560,128,4096
1010,210,2020,256,2048
1710,80,3420,512,4096
1330,320,2660,32,512
1160,460,2320,512,512
1770,130,3540,1024,1024
420,120,840,128,1024
1840,390,3680,128,1024
440,60,880,256,1024
1150,240,2300,512,2048
500,100,1000,512,512
1230,300,2460,512,1024
250,65,500,128,1024
1590,270,3180,128,1024
1740,280,3480,1024,512
1860,500,3720,256,2048
1980,440,3960,1024,1024
1130,245,2260,64,512
720,180,1440,256,512
420,115,840,256,1024
1140,240,2280,1024,2048
1280,270,2560,32,4096
1590,150,3180,256,512
390,115,780,256,4096
1410,370,2820,32,512
1150,300,2300,1024,4096
550,195,1100,1024,4096
1900,500,3800,128,4096
1280,490,2560,512,512
1020,290,2040,32,2048
1900,490,3800,256,1024
1400,100,2800,64,512
1040,70,2080,128,2048
1720,190,3440,1024,2048
1180,310,2360,64,512
1220,290,2440,64,2048
1440,460,2880,128,4096
890,290,1780,128,1024
670,240,1340,512,2048
1260,290,2520,1024,1024
1770,370,3540,32,512
960,50,1920,64,1024
440,102,880,512,4096
1030,110,2060,128,1024
770,270,1540,1024,512
950,160,1900,1024,2048
1710,210,3420,256,1024
960,350,1920,1024,2048
930,120,1860,128,2048
880,170,1760,256,4096
