1690,430,3380,256,512
1840,400,3680,128,1024
510,155,1020,1024,512
1860,220,3720,64,1024
1380,250,2760,256,1024
460,120,920,256,1024
770,335,1540,128,1024
1230,470,2460,32,512
1930,360,3860,32,1024
1940,470,3880,128,2048
560,200,1120,64,512
1950,470,3900,512,4096
1930,400,3860,128,512
1120,520,2240,1024,1024
1660,390,3320,512,512
540,175,1080,256,512
1020,190,2040,64,512
1860,110,3720,1024,512
1650,120,3300,64,512
1940,90,3880,1024,1024
1420,310,2840,64,512
360,170,720,128,512
1750,290,3500,32,2048
1890,550,3780,256,4096
1460,460,2920,64,4096
1590,550,3180,32,512
1570,660,3140,512,1024
970,345,1940,128,1024
1420,170,2840,256,2048
590,140,1180,128,1024
1500,500,3000,256,512
350,110,700,32,1024
770,195,1540,1024,512
370,100,740,512,512
460,152,920,512,4096
1700,370,3400,512,1024
1480,300,2960,128,4096
840,245,1680,256,4096
1920,530,3840,256,512
350,97,700,256,2048
1050,270,2100,64,2048
950,140,1900,64,2048
1600,430,3200,128,2048
1650,220,3300,64,512
610,70,1220,512,4096
1130,540,2260,1024,512
1060,210,2120,32,1024
1400,340,2800,256,4096
1510,500,3020,32,4096
1590,280,3180,512,1024
770,265,1540,1024,1024
1460,310,2920,32,2048
1420,500,2840,1024,4096
570,255,1140,32,4096
500,170,1000,512,2048
1150,60,2300,512,1024
1940,260,3880,256,4096
880,330,1760,1024,1024
1300,220,2600,1024,4096
680,180,1360,256,512
1580,590,3160,32,2048
730,330,1460,64,2048
1160,315,2320,64,512
1490,300,2980,32,1024
1820,550,3640,32,512
1940,310,3880,256,1024
1230,580,2460,1024,1024
530,135,1060,128,2048
550,145,1100,128,512
740,190,1480,1024,2048
1730,570,3460,1024,1024
730,335,1460,512,512
1690,260,3380,1024,512
710,245,1420,512,512
1880,330,3760,128,4096
890,300,1780,256,4096
630,275,1260,64,4096
720,160,1440,64,2048
1350,610,2700,512,512
1100,350,2200,256,1024
900,380,1800,128,512
1720,630,3440,256,512
1300,430,2600,512,1024
1240,150,2480,256,2048
1860,180,3720,256,2048
780,310,1560,256,2048
1590,540,3180,256,1024
1580,590,3160,32,1024
950,285,1900,512,2048
1270,260,2540,1024,4096
420,200,840,128,4096
390,100,780,1024,2048
1200,120,2400,128,2048
1630,130,3260,1024,2048
1890,490,3780,128,512
520,185,1040,128,2048
1270,170,2540,64,1024
1100,370,2200,32,512
320,140,640,64,512
870,80,1740,512,512
570,152,1140,512,2048
1650,410,3300,512,1024
830,330,1660,32,2048
1200,500,2400,1024,1024
580,215,1160,1024,512
1320,580,2640,512,2048
740,315,1480,32,1024
1410,700,2820,128,4096
1470,50,2940,512,4096
1570,620,3140,512,1024
1070,450,2140,64,512
440,175,880,64,2048
690,195,1380,512,4096
1860,360,3720,128,4096
560,142,1120,256,512
1710,200,3420,64,1024
1220,370,2440,64,2048
2000,640,4000,512,2048
430,210,860,512,2048
1050,300,2100,1024,2048
480,132,960,32,2048
1940,430,3880,64,1024
300,105,600,32,2048
1620,480,3240,128,512
1690,100,3380,64,512
1780,460,3560,1024,4096
440,120,880,32,1024
980,265,1960,32,2048
740,315,1480,256,4096
1660,690,3320,512,512
1030,275,2060,64,512
1850,430,3700,64,1024
610,165,1220,128,4096
750,215,1500,64,1024
540,60,1080,256,1024
530,120,1060,1024,512
1780,610,3560,256,1024
1290,360,2580,32,1024
1240,600,2480,128,512
540,180,1080,32,1024
1750,410,3500,256,512
1360,460,2720,128,2048
900,70,1800,1024,512
1170,450,2340,512,2048
980,280,1960,128,4096
420,80,840,1024,512
710,185,1420,32,1024
510,170,1020,128,2048
610,130,1220,1024,512
710,180,1420,1024,1024
1010,140,2020,512,2048
380,170,760,256,512
1840,70,3680,128,4096
1910,460,3820,1024,4096
1130,230,2260,32,4096
1130,400,2260,512,2048
870,250,1740,256,1024
1830,370,3660,512,2048
930,400,1860,128,512
490,170,980,512,4096
1630,130,3260,1024,2048
960,370,1920,64,2048
710,305,1420,256,512
990,310,1980,1024,512
460,220,920,256,1024
520,180,1040,64,4096
1910,420,3820,256,4096
1930,470,3860,128,2048
1280,320,2560,512,2048
400,180,800,128,512
700,335,1400,128,2048
900,100,1800,512,4096
1700,110,3400,1024,1024
320,140,640,64,4096
370,150,740,1024,512
580,225,1160,512,1024
1400,420,2800,1024,2048
1550,80,3100,32,512
1400,660,2800,128,2048
1070,530,2140,256,2048
1230,530,2460,64,2048
800,90,1600,64,4096
1570,610,3140,512,4096
620,165,1240,256,4096
1470,690,2940,256,1024
610,152,1220,256,1024
930,280,1860,32,4096
1360,380,2720,128,512
1630,160,3260,128,512
430,155,860,64,1024
1880,130,3760,512,2048
1620,70,3240,1024,4096
1130,330,2260,64,2048
1040,240,2080,512,1024
1060,240,2120,32,1024
820,260,1640,1024,4096
1160,350,2320,32,4096
1170,470,2340,256,2048
1690,60,3380,128,1024
1650,600,3300,512,512
1400,410,2800,256,4096
940,305,1880,128,2048
1680,270,3360,1024,4096
1210,340,2420,128,512
890,80,1780,128,2048
1900,160,3800,1024,1024
1790,480,3580,32,4096
1240,260,2480,1024,512
1360,640,2720,64,1024
1300,120,2600,512,1024
650,175,1300,256,4096
810,400,1620,512,2048
1100,510,2200,128,512
690,175,1380,256,1024
1740,230,3480,512,512
630,160,1260,32,2048
680,175,1360,32,2048
590,275,1180,1024,512
680,295,1360,256,512
1040,110,2080,64,1024
830,160,1660,128,4096
1870,280,3740,32,2048
1030,80,2060,64,512
610,195,1220,64,512
1840,270,3680,64,4096
1970,160,3940,32,1024
1050,180,2100,128,1024
490,160,980,32,4096
740,245,1480,1024,1024
990,350,1980,32,2048
1310,650,2620,1024,2048
740,110,1480,128,4096
1330,540,2660,32,1024
1510,530,3020,128,2048
670,210,1340,512,4096
500,170,1000,512,512
800,220,1600,256,2048
840,240,1680,512,1024
1020,130,2040,1024,1024
1160,190,2320,32,1024
440,160,880,64,4096
740,90,1480,32,4096
1660,210,3320,64,512
340,80,680,512,4096
1880,340,3760,512,512
1540,50,3080,1024,4096
1130,320,2260,256,4096
1280,170,2560,32,1024
700,110,1400,1024,2048
1080,250,2160,512,1024
1940,350,3880,64,4096
1230,110,2460,256,1024
1190,350,2380,1024,512
690,260,1380,512,2048
1130,240,2260,1024,4096
1360,90,2720,128,512
1460,240,2920,128,1024
970,80,1940,256,2048
920,380,1840,64,512
1980,550,3960,512,4096
360,115,720,256,4096
1810,100,3620,256,2048
1860,100,3720,64,512
1660,560,3320,32,1024
460,160,920,128,2048
740,200,1480,128,4096
870,120,1740,512,4096
1460,590,2920,512,4096
530,135,1060,512,2048
1530,240,3060,32,1024
480,135,960,32,4096
1410,50,2820,256,1024
1140,80,2280,64,512
1630,490,3260,1024,1024
1520,440,3040,1024,2048
1840,390,3680,64,2048
1820,530,3640,512,4096
870,255,1740,1024,4096
1490,560,2980,256,4096
630,240,1260,1024,2048
350,125,700,1024,4096
1570,410,3140,256,512
1150,310,2300,512,512
1120,90,2240,256,1024
1840,560,3680,32,2048
1340,270,2680,128,2048
1350,450,2700,256,4096
1760,530,3520,256,2048
1670,110,3340,128,1024
1280,130,2560,1024,2048
610,205,1220,512,2048
710,185,1420,1024,512
1810,630,3620,128,4096
340,142,680,256,512
1130,530,2260,1024,1024
580,80,1160,1024,1024
1970,90,3940,512,1024
1510,100,3020,64,2048
1150,570,2300,256,512
1100,335,2200,32,1024
400,500,800,128,512
1460,130,2920,512,512
370,520,740,1024,1024
420,120,840,512,4096
1190,120,2380,128,1024
460,470,920,512,1024
1690,260,3380,128,512
1690,480,3380,1024,4096
1530,540,3060,1024,1024
550,430,1100,1024,4096
1420,530,2840,128,2048
1180,200,2360,128,1024
1960,530,3920,64,4096
1400,690,2800,512,4096
1660,620,3320,1024,1024
1070,100,2140,1024,4096
1030,290,2060,256,4096
1710,290,3420,256,1024
440,500,880,32,1024
520,440,1040,1024,2048
590,570,1180,128,4096
960,290,1920,64,2048
1720,180,3440,1024,1024
1670,100,3340,512,2048
400,550,800,1024,4096
980,180,1960,64,2048
1200,300,2400,512,2048
1010,410,2020,256,1024
1420,200,2840,32,512
1370,470,2740,128,512
790,360,1580,64,512
1030,150,2060,512,1024
320,560,640,64,512
1980,110,3960,1024,4096
580,240,1160,512,2048
480,200,960,128,512
930,400,1860,128,512
630,110,1260,512,512
1130,310,2260,1024,1024
880,110,1760,256,512
1920,120,3840,256,512
1870,560,3740,64,2048
390,240,780,128,1024
1560,440,3120,512,4096
760,680,1520,1024,1024
1020,330,2040,512,1024
1230,500,2460,32,512
1910,550,3820,512,512
1010,330,2020,128,512
1980,480,3960,128,2048
810,120,1620,32,512
1490,660,2980,512,4096
1430,170,2860,64,4096
1220,220,2440,64,4096
1490,570,2980,128,1024
1430,370,2860,128,512
600,550,1200,256,512
510,310,1020,256,2048
2000,230,4000,128,4096
590,70,1180,128,1024
350,490,700,256,1024
1250,330,2500,256,2048
1800,340,3600,1024,4096
1440,450,2880,512,512
620,80,1240,128,2048
930,250,1860,512,2048
1080,550,2160,32,1024
1970,500,3940,32,4096
560,130,1120,32,1024
1760,130,3520,32,512
1400,110,2800,64,2048
940,50,1880,64,2048
620,320,1240,32,1024
1030,480,2060,256,4096
1120,520,2240,32,4096
500,400,1000,32,4096
1300,120,2600,256,512
680,460,1360,1024,512
950,130,1900,1024,512
1290,130,2580,256,2048
730,110,1460,1024,512
790,140,1580,256,1024
1350,160,2700,256,4096
750,170,1500,64,2048
1700,250,3400,128,1024
1980,250,3960,128,512
1540,190,3080,32,1024
880,210,1760,1024,4096
1290,630,2580,32,512
480,510,960,128,1024
1840,410,3680,512,4096
1800,170,3600,128,512
1690,180,3380,256,2048
740,100,1480,512,4096
1310,650,2620,1024,1024
330,510,660,1024,512
1020,410,2040,64,2048
830,250,1660,64,4096
570,150,1140,1024,2048
600,460,1200,256,4096
1020,700,2040,256,512
460,160,920,256,4096
1320,220,2640,512,1024
1100,310,2200,256,1024
1490,90,2980,64,512
1490,500,2980,128,4096
1390,310,2780,128,2048
350,690,700,1024,2048
410,310,820,256,4096
840,450,1680,512,512
1200,150,2400,512,4096
1410,300,2820,128,1024
990,150,1980,256,4096
1700,550,3400,256,2048
1520,620,3040,32,4096
1950,280,3900,256,512
1200,500,2400,512,1024
850,240,1700,128,2048
480,400,960,1024,4096
1340,590,2680,512,4096
1630,440,3260,128,4096
1020,270,2040,128,2048
450,240,900,128,2048
750,340,1500,512,4096
560,320,1120,512,512
780,280,1560,128,4096
1050,410,2100,512,1024
1200,540,2400,1024,512
1080,330,2160,512,2048
1790,330,3580,512,512
1180,130,2360,32,512
1910,60,3820,128,2048
1390,240,2780,256,1024
1930,250,3860,128,1024
710,480,1420,32,1024
1450,680,2900,64,1024
790,660,1580,1024,1024
1440,350,2880,32,2048
1480,200,2960,1024,512
410,550,820,32,512
730,550,1460,512,512
680,530,1360,256,1024
1440,540,2880,64,4096
1740,110,3480,256,512
880,490,1760,32,2048
1630,350,3260,512,2048
1450,190,2900,256,4096
310,110,620,32,4096
1320,590,2640,32,1024
960,160,1920,32,1024
1860,150,3720,32,2048
300,480,600,128,1024
1090,640,2180,512,4096
1020,390,2040,256,4096
1080,510,2160,256,2048
1610,150,3220,1024,1024
850,670,1700,32,2048
1640,400,3280,1024,512
1100,490,2200,32,1024
360,70,720,256,1024
600,580,1200,32,2048
1530,540,3060,256,4096
1100,120,2200,32,4096
560,390,1120,512,4096
880,260,1760,1024,512
1330,410,2660,1024,2048
620,310,1240,1024,512
1560,320,3120,256,4096
710,160,1420,64,2048
1860,210,3720,32,4096
760,60,1520,256,4096
1600,650,3200,256,4096
620,480,1240,512,1024
790,660,1580,32,512
450,150,900,256,2048
1280,650,2560,256,512
1460,570,2920,64,512
1230,430,2460,1024,1024
1020,340,2040,256,512
1400,220,2800,128,2048
1400,540,2800,1024,2048
1460,200,2920,256,2048
1380,90,2760,128,1024
1910,550,3820,1024,4096
650,490,1300,256,2048
1510,520,3020,256,4096
700,470,1400,512,4096
500,320,1000,128,1024
1330,300,2660,64,2048
1060,580,2120,256,1024
1080,250,2160,1024,2048
1430,580,2860,128,4096
1610,570,3220,32,2048
890,610,1780,128,512
1430,380,2860,64,4096
1010,460,2020,128,512
1730,670,3460,1024,1024
1720,340,3440,128,2048
730,80,1460,128,4096
1340,620,2680,128,1024
